Hola soy un cliente
el int del puerto es:9090
2016.08.20-23:59:00 - -1.00 -1.10 -1.20
Enviando 3 muestras
2016.08.20-00:00:00 - -1.10 -1.30 -1.00 -1.10 -1.20 -1.10 -1.30 -1.00 -1.10 -1.20 -1.10 -1.30 -1.00 -1.10 -1.20
Enviando 15 muestras
2016.08.20-00:01:00 - -1.10 -1.30 -1.00 -1.10 -1.20 -1.10 -1.30 -1.00 -1.10 -1.20 -1.10 -1.30 -1.00 -1.10 -1.20
Enviando 15 muestras
2016.08.20-00:02:00 - -1.10 -1.30 -1.50 -1.80 -1.90 -1.90 -1.70 -1.60 -2.00 -2.00 -1.90 -1.80 -1.90 -1.90 -1.70
Enviando 15 muestras
2016.08.20-00:03:00 - -1.60 -2.00 -2.00 -1.90 -1.80 -1.90 -1.90 -1.70 -1.60 -2.00 -2.00 -1.90 -1.80 -1.90 -1.90
Enviando 15 muestras
2016.08.20-00:04:00 - -1.70 -1.60 -2.00 -2.00 -1.90 -1.80 -1.90 -1.90 -1.70 -1.60 -2.00 -2.00 -1.90 -1.80 -1.90
Enviando 15 muestras
2016.08.20-00:05:00 - -1.90 -1.70 -1.60 -2.00 -2.00 -1.90 -1.80 -1.90 -1.90 -1.70 -1.60 -2.00 -2.00 -1.90 -1.80
Enviando 15 muestras
2016.08.20-00:06:00 - -1.90 -1.90 -1.70 -1.60 -2.00 -2.00 -1.90 -1.80 -1.90 -1.90 -1.70 -1.60 -2.00 -2.00 -1.90
Enviando 15 muestras
2016.08.20-00:07:00 - -1.80 -1.90 -1.90 -1.70 -1.60 -2.00 -2.00 -1.90 -2.30 -2.40 -2.70 -2.70 -2.70 -2.60 -2.50
Enviando 15 muestras
2016.08.20-00:08:00 - -2.70 -2.70 -2.60 -2.50 -2.70 -2.70 -2.60 -2.50 -2.70 -2.70 -2.60 -2.50 -2.70 -2.70 -2.60
Enviando 15 muestras
2016.08.20-00:09:00 - -2.50 -3.00 -3.10 -3.20 -3.20 -3.00 -3.10 -3.20 -3.20 -3.00 -3.10 -3.20 -3.20 -3.00 -3.10
Enviando 15 muestras
2016.08.20-00:10:00 - -3.20 -3.20 -4.00 -4.00 -4.00 -4.00 -4.00 -4.00 -4.00 -4.00 -4.10 -4.00 -4.10 -4.00 -4.10
Enviando 15 muestras
2016.08.20-00:11:00 - -4.00 -4.10 -4.00 -4.10 -4.00 -4.10 -4.00 -4.10 -4.60 -4.80 -4.90 -5.00 -5.10 -4.90 -5.00
Enviando 15 muestras
2016.08.20-00:12:00 - -5.10 -4.90 -5.00 -5.10 -4.90 -5.00 -5.10 -4.90 -5.00 -5.10 -4.90 -5.00 -5.10 -4.90 -5.00
Enviando 15 muestras
2016.08.20-00:13:00 - -5.10 -4.90 -5.00 -5.10 -5.50 -5.80 -5.90 -6.00 -6.40 -6.70 -6.90 -6.80 -6.70 -6.90 -6.90
Enviando 15 muestras
2016.08.20-00:14:00 - -6.80 -6.70 -6.90 -6.90 -6.80 -6.70 -6.90 -6.90 -6.80 -6.70 -6.90 -6.90 -6.80 -6.70 -6.90
Enviando 15 muestras
2016.08.20-00:15:00 - -6.90 -6.80 -6.70 -6.90 -6.90 -6.80 -6.70 -6.90 -7.00 -7.10 -7.20 -7.50 -7.60 -7.70 -7.80
Enviando 15 muestras
2016.08.20-00:16:00 - -7.60 -7.70 -7.80 -7.60 -7.70 -7.80 -7.60 -7.70 -7.80 -7.60 -7.70 -7.80 -7.60 -7.70 -7.80
Enviando 15 muestras
2016.08.20-00:17:00 - -8.00 -8.20 -8.40 -8.50 -8.60 -8.70 -8.90 -8.60 -8.70 -8.90 -8.60 -8.70 -8.90 -8.60 -8.70
Enviando 15 muestras
2016.08.20-00:18:00 - -8.90 -8.60 -8.70 -8.90 -9.00 -9.20 -9.30 -9.40 -9.50 -9.30 -9.40 -9.50 -9.30 -9.40 -9.50
Enviando 15 muestras
2016.08.20-00:19:00 - -9.70 -9.90 -10.2 -10.3 -10.4 -10.5 -10.6 -10.2 -10.3 -10.4 -10.5 -10.6 -10.2 -10.3 -10.4
Enviando 15 muestras
2016.08.20-00:20:00 - -10.5 -10.6 -10.2 -10.3 -10.4 -10.5 -10.6 -10.9 -11.2 -11.4 -11.9 -11.9 -11.9 -11.7 -11.9
Enviando 15 muestras
2016.08.20-00:21:00 - -11.9 -11.9 -11.9 -11.9 -11.7 -11.9 -11.9 -11.9 -11.9 -11.9 -11.7 -11.9 -11.9 -11.9 -11.9
Enviando 15 muestras
2016.08.20-00:22:00 - -11.9 -11.7 -11.9 -11.9 -11.9 -11.9 -11.9 -11.7 -11.9 -11.9 -12.4 -12.5 -12.7 -12.9 -12.6
Enviando 15 muestras
2016.08.20-00:23:00 - -12.7 -12.5 -12.7 -12.9 -12.6 -12.7 -12.5 -12.7 -12.9 -12.6 -12.7 -12.5 -12.7 -12.9 -12.6
Enviando 15 muestras
2016.08.20-00:24:00 - -12.7 -13.5 -13.9 -14.0 -14.2 -14.5 -14.1 -15.0 -15.0 -14.9 -15.1 -15.0 -15.0 -14.9 -15.1
Enviando 15 muestras
2016.08.20-00:25:00 - -15.0 -15.0 -14.9 -15.1 -15.0 -15.0 -14.9 -15.1 -15.0 -15.0 -14.9 -15.1 -15.5 -15.7 -16.0
Enviando 15 muestras
2016.08.20-00:26:00 - -16.0 -16.2 -16.4 -15.7 -16.0 -16.0 -16.2 -16.4 -15.7 -16.0 -16.0 -16.2 -16.4 -15.7 -16.0
Enviando 15 muestras
2016.08.20-00:27:00 - -16.0 -16.2 -16.4 -16.9 -17.0 -17.0 -16.4 -16.4 -16.5 -16.4 -16.4 -16.4 -16.5 -16.4 -16.4
Enviando 15 muestras
2016.08.20-00:28:00 - -16.4 -16.5 -16.4 -16.4 -16.4 -16.5 -16.4 -16.4 -16.4 -16.5 -16.4
Enviando 11 muestras
